   6.1000000e+02	   1.4000000e+02	   6.0000000e+01	   1.0000000e+01	   1.2000000e+02	   9.5000000e+01	   1.1500000e+02	   7.6000000e+02	   1.7500000e+02	   3.1500000e+02	
   4.7500000e+02	   9.0000000e+01	   2.5000000e+02	   3.0000000e+01	   1.4000000e+02	   1.2000000e+02	   1.0000000e+02	   7.7500000e+02	   1.1500000e+02	   3.0500000e+02	
   1.0000000e+01	   0.0000000e+00	   4.9500000e+02	   1.1000000e+02	   1.7000000e+02	   1.1000000e+02	   1.3000000e+02	   7.8500000e+02	   1.6000000e+02	   4.3000000e+02	
   6.1500000e+02	   1.4100000e+02	   6.5000000e+01	   1.0000000e+01	   1.1500000e+02	   9.0000000e+01	   1.1500000e+02	   7.6500000e+02	   1.8000000e+02	   3.0500000e+02	
   1.7900000e+02	   2.9000000e+01	   4.2100000e+02	   8.7000000e+01	   1.6100000e+02	   1.1200000e+02	   1.1900000e+02	   7.7600000e+02	   1.4300000e+02	   3.7300000e+02	
   5.8500000e+02	   1.1500000e+02	   5.0000000e+01	   0.0000000e+00	   1.5000000e+02	   1.0500000e+02	   1.0000000e+02	   7.6000000e+02	   1.5000000e+02	   3.8500000e+02	
   4.8200000e+02	   9.4000000e+01	   1.9600000e+02	   1.8000000e+01	   1.4100000e+02	   1.3000000e+02	   9.6000000e+01	   7.7500000e+02	   1.3200000e+02	   3.3600000e+02	
   6.5200000e+02	   1.0000000e+02	   9.5000000e+01	   7.0000000e+00	   5.7000000e+01	   8.5000000e+01	   1.5000000e+02	   8.0700000e+02	   1.1500000e+02	   3.3000000e+02	
   5.1000000e+02	   7.0000000e+01	   3.0700000e+02	   3.0000000e+01	   8.0000000e+01	   9.5000000e+01	   1.4200000e+02	   8.1500000e+02	   8.7000000e+01	   2.6200000e+02	
   2.0000000e+01	   7.0000000e+00	   5.6700000e+02	   8.7000000e+01	   1.1200000e+02	   9.0000000e+01	   1.8000000e+02	   8.4200000e+02	   1.2500000e+02	   3.6700000e+02	
   6.5500000e+02	   9.7000000e+01	   9.7000000e+01	   1.0000000e+01	   5.2000000e+01	   8.5000000e+01	   1.5200000e+02	   8.0700000e+02	   1.2200000e+02	   3.2000000e+02	
   1.6800000e+02	   2.2000000e+01	   5.2900000e+02	   6.9000000e+01	   1.0200000e+02	   8.3000000e+01	   1.7400000e+02	   8.2500000e+02	   1.1900000e+02	   3.9200000e+02	
   6.4200000e+02	   1.0500000e+02	   7.2000000e+01	   0.0000000e+00	   6.2000000e+01	   7.7000000e+01	   1.4000000e+02	   8.1200000e+02	   1.0000000e+02	   3.8700000e+02	
   3.8900000e+02	   3.4000000e+01	   2.6200000e+02	   1.0000000e+01	   9.2000000e+01	   9.7000000e+01	   1.4700000e+02	   8.4800000e+02	   8.4000000e+01	   3.9200000e+02	
   6.5000000e+02	   1.4000000e+02	   1.2000000e+02	   1.5000000e+01	   8.5000000e+01	   9.0000000e+01	   1.0500000e+02	   7.6000000e+02	   7.0000000e+01	   3.6500000e+02	
   5.6000000e+02	   1.0500000e+02	   3.7500000e+02	   4.5000000e+01	   9.0000000e+01	   9.0000000e+01	   9.5000000e+01	   7.4500000e+02	   6.0000000e+01	   2.3500000e+02	
   1.0000000e+01	   1.0000000e+01	   7.1000000e+02	   5.5000000e+01	   1.4500000e+02	   8.5000000e+01	   1.3000000e+02	   8.1500000e+02	   6.0000000e+01	   3.8000000e+02	
   6.5000000e+02	   1.4500000e+02	   1.1200000e+02	   1.5000000e+01	   8.5000000e+01	   9.0000000e+01	   1.0500000e+02	   7.6000000e+02	   4.0000000e+01	   4.7500000e+02	
   2.6000000e+02	   5.2000000e+01	   5.7600000e+02	   5.9000000e+01	   1.1600000e+02	   8.5000000e+01	   1.1700000e+02	   7.7500000e+02	   6.5000000e+01	   2.9500000e+02	
   6.1500000e+02	   1.2500000e+02	   9.5000000e+01	   0.0000000e+00	   1.1500000e+02	   9.0000000e+01	   8.5000000e+01	   7.6000000e+02	   4.0000000e+01	   4.7500000e+02	
   4.1300000e+02	   8.9000000e+01	   3.1800000e+02	   2.3000000e+01	   1.1200000e+02	   9.6000000e+01	   1.0200000e+02	   7.7400000e+02	   4.5000000e+01	   4.0900000e+02	
   6.5000000e+02	   1.4200000e+02	   1.2200000e+02	   2.2000000e+01	   7.6000000e+01	   9.4000000e+01	   1.0000000e+02	   7.6400000e+02	   9.6000000e+01	   3.3400000e+02	
   5.7800000e+02	   1.0600000e+02	   3.3800000e+02	   4.2000000e+01	   1.0600000e+02	   9.4000000e+01	   5.2000000e+01	   7.5200000e+02	   6.4000000e+01	   2.2800000e+02	
   2.4000000e+01	   8.0000000e+00	   5.9400000e+02	   7.2000000e+01	   1.5800000e+02	   9.2000000e+01	   1.2800000e+02	   8.4000000e+02	   8.6000000e+01	   3.9800000e+02	
   6.5200000e+02	   1.3300000e+02	   1.3400000e+02	   2.2000000e+01	   6.8000000e+01	   9.4000000e+01	   1.0200000e+02	   7.6200000e+02	   1.2200000e+02	   3.1000000e+02	
   4.3400000e+02	   7.7000000e+01	   4.3100000e+02	   6.0000000e+01	   1.1700000e+02	   8.8000000e+01	   1.0500000e+02	   7.7000000e+02	   7.3000000e+01	   2.2900000e+02	
   6.2700000e+02	   1.4800000e+02	   6.8000000e+01	   0.0000000e+00	   8.8000000e+01	   9.2000000e+01	   8.6000000e+01	   7.7000000e+02	   5.8000000e+01	   4.6300000e+02	
   4.3300000e+02	   8.6000000e+01	   2.9600000e+02	   2.1000000e+01	   1.2800000e+02	   1.0200000e+02	   9.4000000e+01	   7.9800000e+02	   5.8000000e+01	   3.7900000e+02	
